   Normalised Error  Observed Rho  Calculated Rho  Original Weight  Final Weight C         P+  P-         C+  C-
       -2.98606      0.75975E+04    0.51583E+04     0.25000E+02     0.77118E+01  1         1    4         2    3
       -1.46748      0.26833E+04    0.24376E+04     0.25000E+02     0.15284E+02  1         2    5         3    4
        2.94225      0.23793E+04    0.39305E+04     0.25000E+02     0.58614E+01  1         3    6         4    5
       -0.39465      0.24161E+04    0.23764E+04     0.25000E+02     0.23845E+02  1         4    7         5    6
        0.05970      0.18197E+04    0.18242E+04     0.25000E+02     0.24074E+02  1         5    8         6    7
       -1.47456      0.21461E+04    0.19570E+04     0.25000E+02     0.15987E+02  1         6    9         7    8
        0.27702      0.14105E+04    0.14262E+04     0.25000E+02     0.25000E+02  0         7   10         8    9
       -1.45987      0.10605E+04    0.10003E+04     0.24999E+02     0.24999E+02  0         8   11         9   10
        0.04437      0.12658E+04    0.12680E+04     0.24999E+02     0.24999E+02  0         9   12        10   11
        1.82379      0.12619E+04    0.13858E+04     0.24999E+02     0.19478E+02  1        10   13        11   12
       -1.85371      0.13928E+04    0.12582E+04     0.24999E+02     0.18234E+02  1        11   14        12   13
        0.96569      0.10851E+04    0.11278E+04     0.24999E+02     0.24999E+02  0        12   15        13   14
       -0.25398      0.16222E+04    0.16058E+04     0.25000E+02     0.25000E+02  0        13   16        14   15
       -0.00066      0.14692E+04    0.14692E+04     0.24999E+02     0.24999E+02  0        14   17        15   16
       -1.27040      0.28213E+04    0.26491E+04     0.25000E+02     0.20182E+02  1        15   18        16   17
        0.54752      0.21172E+04    0.21725E+04     0.25000E+02     0.21219E+02  1        16   19        17   18
       -1.15606      0.28638E+04    0.27047E+04     0.25000E+02     0.20220E+02  1        17   20        18   19
       -0.37242      0.26893E+04    0.26495E+04     0.25000E+02     0.25000E+02  0        18   21        19   20
       -0.50063      0.24577E+04    0.24090E+04     0.25000E+02     0.25000E+02  0        19   22        20   21
       -0.23496      0.21737E+04    0.21534E+04     0.25000E+02     0.25000E+02  0        20   23        21   22
       -0.31633      0.23442E+04    0.23147E+04     0.25000E+02     0.25000E+02  0        21   24        22   23
        0.05806      0.18122E+04    0.18164E+04     0.25000E+02     0.25000E+02  0        22   25        23   24
       -0.05861      0.21529E+04    0.21479E+04     0.25000E+02     0.25000E+02  0        23   26        24   25
       -0.06296      0.15970E+04    0.15929E+04     0.24999E+02     0.24999E+02  0        24   27        25   26
       -0.24928      0.18134E+04    0.17954E+04     0.25000E+02     0.25000E+02  0        25   28        26   27
       -0.97036      0.15991E+04    0.15382E+04     0.24999E+02     0.24999E+02  0        26   29        27   28
       -0.69658      0.12599E+04    0.12253E+04     0.24999E+02     0.24999E+02  0        27   30        28   29
        0.04063      0.72511E+03    0.72629E+03     0.24997E+02     0.24997E+02  0        28   31        29   30
       -0.15865      0.76397E+03    0.75914E+03     0.24997E+02     0.24997E+02  0        29   32        30   31
        0.02989      0.69572E+03    0.69655E+03     0.24997E+02     0.24997E+02  0        30   33        31   32
       -0.26161      0.65451E+03    0.64770E+03     0.24996E+02     0.24996E+02  0        31   34        32   33
        0.15143      0.60308E+03    0.60674E+03     0.24995E+02     0.24995E+02  0        32   35        33   34
       -0.12534      0.73602E+03    0.73234E+03     0.24997E+02     0.24997E+02  0        33   36        34   35
       -0.22696      0.70250E+03    0.69615E+03     0.24996E+02     0.24996E+02  0        34   37        35   36
       -0.03605      0.66968E+03    0.66872E+03     0.24996E+02     0.24996E+02  0        35   38        36   37
        0.01251      0.77925E+03    0.77964E+03     0.24997E+02     0.24997E+02  0        36   39        37   38
       -0.01422      0.84884E+03    0.84836E+03     0.24998E+02     0.24998E+02  0        37   40        38   39
       -0.03766      0.68384E+03    0.68281E+03     0.24996E+02     0.24996E+02  0        38   41        39   40
       -0.11646      0.81385E+03    0.81007E+03     0.24997E+02     0.24997E+02  0        39   42        40   41
       -0.07838      0.10454E+04    0.10421E+04     0.24998E+02     0.24998E+02  0        40   43        41   42
        0.06996      0.77658E+03    0.77875E+03     0.24997E+02     0.24997E+02  0        41   44        42   43
       -0.02011      0.12393E+04    0.12383E+04     0.24999E+02     0.24999E+02  0        42   45        43   44
       -0.19640      0.12977E+04    0.12875E+04     0.24999E+02     0.24999E+02  0        43   46        44   45
        0.07659      0.10191E+04    0.10222E+04     0.24998E+02     0.24998E+02  0        44   47        45   46
        0.10413      0.15930E+04    0.15996E+04     0.24999E+02     0.24999E+02  0        45   48        46   47
        0.08987      0.13809E+04    0.13858E+04     0.24999E+02     0.24999E+02  0        46   49        47   48
       -0.09491      0.25865E+04    0.25767E+04     0.25000E+02     0.25000E+02  0        47   50        48   49
        0.20277      0.27033E+04    0.27253E+04     0.25000E+02     0.25000E+02  0        48   51        49   50
        0.01182      0.41691E+04    0.41711E+04     0.25000E+02     0.25000E+02  0        49   52        50   51
        0.29310      0.31784E+04    0.32159E+04     0.25000E+02     0.25000E+02  0        50   53        51   52
        0.19888      0.40024E+04    0.40344E+04     0.25000E+02     0.25000E+02  0        51   54        52   53
        0.23453      0.36775E+04    0.37122E+04     0.25000E+02     0.25000E+02  0        52   55        53   54
        0.10756      0.38453E+04    0.38619E+04     0.25000E+02     0.25000E+02  0        53   56        54   55
        0.11562      0.26649E+04    0.26772E+04     0.25000E+02     0.25000E+02  0        54   57        55   56
       -0.33395      0.44299E+04    0.43711E+04     0.25000E+02     0.25000E+02  0        55   58        56   57
       -3.79806      0.23721E+04    0.95530E+03     0.24999E+02     0.41760E+01  1         1    7         3    5
       -1.13192      0.96838E+03    0.92551E+03     0.24998E+02     0.24998E+02  0         2    8         4    6
        1.27657      0.97106E+03    0.10360E+04     0.24998E+02     0.19724E+02  1         3    9         5    7
        1.43634      0.90909E+03    0.97545E+03     0.24997E+02     0.20386E+02  1         4   10         6    8
        1.73488      0.92259E+03    0.10506E+04     0.24997E+02     0.13348E+02  1         5   11         7    9
       -1.30069      0.76819E+03    0.72923E+03     0.24996E+02     0.24996E+02  0         6   12         8   10
        2.61146      0.85317E+03    0.99584E+03     0.24997E+02     0.16889E+02  1         7   13         9   11
        1.81996      0.11781E+04    0.12982E+04     0.24998E+02     0.18747E+02  1         8   14        10   12
        0.20438      0.13539E+04    0.13650E+04     0.24999E+02     0.24999E+02  0         9   15        11   13
        0.31700      0.12292E+04    0.12449E+04     0.24998E+02     0.24998E+02  0        10   16        12   14
        0.78456      0.12844E+04    0.13254E+04     0.24998E+02     0.24998E+02  0        11   17        13   15
       -2.03743      0.16533E+04    0.14677E+04     0.24999E+02     0.17106E+02  1        12   18        14   16
       -1.62646      0.21555E+04    0.19771E+04     0.24999E+02     0.18825E+02  1        13   19        15   17
       -0.62697      0.19251E+04    0.18768E+04     0.24999E+02     0.24710E+02  1        14   20        16   18
       -0.76776      0.18346E+04    0.17784E+04     0.24999E+02     0.24644E+02  1        15   21        17   19
       -1.44132      0.19974E+04    0.18495E+04     0.24999E+02     0.18741E+02  1        16   22        18   20
       -1.43612      0.21825E+04    0.20344E+04     0.24999E+02     0.20427E+02  1        17   23        19   21
       -1.09924      0.19178E+04    0.18353E+04     0.24999E+02     0.24999E+02  0        18   24        20   22
       -0.62641      0.18311E+04    0.17858E+04     0.24999E+02     0.24999E+02  0        19   25        21   23
       -0.58710      0.17826E+04    0.17412E+04     0.24999E+02     0.24999E+02  0        20   26        22   24
       -0.65936      0.15621E+04    0.15214E+04     0.24998E+02     0.24998E+02  0        21   27        23   25
        0.00438      0.11452E+04    0.11454E+04     0.24997E+02     0.24997E+02  0        22   28        24   26
        0.08111      0.10891E+04    0.10926E+04     0.24997E+02     0.24997E+02  0        23   29        25   27
       -1.10031      0.14569E+04    0.13941E+04     0.24998E+02     0.24998E+02  0        24   30        26   28
       -1.49617      0.14968E+04    0.14014E+04     0.24998E+02     0.22725E+02  1        25   31        27   29
       -0.79887      0.78007E+03    0.75553E+03     0.24993E+02     0.24993E+02  0        26   32        28   30
        0.27123      0.52449E+03    0.53022E+03     0.24984E+02     0.24984E+02  0        27   33        29   31
       -0.16970      0.63186E+03    0.62759E+03     0.24989E+02     0.24989E+02  0        28   34        30   32
       -0.61294      0.63838E+03    0.62291E+03     0.24989E+02     0.24989E+02  0        29   35        31   33
       -0.29378      0.51255E+03    0.50656E+03     0.24982E+02     0.24982E+02  0        30   36        32   34
       -0.31127      0.59503E+03    0.58766E+03     0.24986E+02     0.24986E+02  0        31   37        33   35
       -0.47670      0.62670E+03    0.61486E+03     0.24988E+02     0.24988E+02  0        32   38        34   36
       -0.50938      0.47418E+03    0.46461E+03     0.24978E+02     0.24978E+02  0        33   39        35   37
       -0.25729      0.49559E+03    0.49051E+03     0.24979E+02     0.24979E+02  0        34   40        36   38
       -0.22701      0.55584E+03    0.55081E+03     0.24983E+02     0.24983E+02  0        35   41        37   39
       -0.33146      0.44816E+03    0.44225E+03     0.24974E+02     0.24974E+02  0        36   42        38   40
       -0.20947      0.42568E+03    0.42212E+03     0.24971E+02     0.24971E+02  0        37   43        39   41
       -0.05779      0.55423E+03    0.55295E+03     0.24982E+02     0.24982E+02  0        38   44        40   42
        0.06400      0.51614E+03    0.51746E+03     0.24980E+02     0.24980E+02  0        39   45        41   43
        0.07780      0.50802E+03    0.50960E+03     0.24978E+02     0.24978E+02  0        40   46        42   44
       -0.03805      0.53554E+03    0.53473E+03     0.24980E+02     0.24980E+02  0        41   47        43   45
        0.06864      0.51501E+03    0.51643E+03     0.24979E+02     0.24979E+02  0        42   48        44   46
       -0.05509      0.57433E+03    0.57306E+03     0.24983E+02     0.24983E+02  0        43   49        45   47
       -0.05564      0.83380E+03    0.83195E+03     0.24992E+02     0.24992E+02  0        44   50        46   48
        0.00317      0.13020E+04    0.13021E+04     0.24997E+02     0.24997E+02  0        45   51        47   49
       -0.25827      0.18649E+04    0.18457E+04     0.24998E+02     0.24998E+02  0        46   52        48   50
       -0.30157      0.19512E+04    0.19278E+04     0.24998E+02     0.24998E+02  0        47   53        49   51
        0.34398      0.10255E+04    0.10397E+04     0.24994E+02     0.24994E+02  0        48   54        50   52
        0.23595      0.13442E+04    0.13570E+04     0.24997E+02     0.24997E+02  0        49   55        51   53
       -0.15061      0.24461E+04    0.24314E+04     0.24999E+02     0.24999E+02  0        50   56        52   54
       -0.07666      0.28029E+04    0.27943E+04     0.24999E+02     0.24999E+02  0        51   57        53   55
        0.03769      0.15942E+04    0.15966E+04     0.24998E+02     0.24998E+02  0        52   58        54   56
       -2.03846      0.10755E+04    0.98293E+03     0.24990E+02     0.22656E+02  1         1   10         4    7
        1.16777      0.58671E+03    0.63394E+03     0.24986E+02     0.15082E+02  1         2   11         5    8
        1.35489      0.51576E+03    0.55601E+03     0.24982E+02     0.18031E+02  1         3   12         6    9
        0.36347      0.49153E+03    0.49997E+03     0.24980E+02     0.21345E+02  1         4   13         7   10
        0.48060      0.57672E+03    0.58793E+03     0.24985E+02     0.24985E+02  0         5   14         8   11
       -0.65795      0.85415E+03    0.83195E+03     0.24993E+02     0.24993E+02  0         6   15         9   12
        2.54543      0.12087E+04    0.14209E+04     0.24997E+02     0.15741E+02  1         7   16        10   13
        1.15614      0.10788E+04    0.11376E+04     0.24996E+02     0.21781E+02  1         8   17        11   14
       -0.43247      0.11547E+04    0.11349E+04     0.24996E+02     0.24996E+02  0         9   18        12   15
        0.26366      0.10124E+04    0.10231E+04     0.24995E+02     0.24995E+02  0        10   19        13   16
       -0.84558      0.11990E+04    0.11591E+04     0.24996E+02     0.24996E+02  0        11   20        14   17
       -0.48793      0.11913E+04    0.11683E+04     0.24996E+02     0.24996E+02  0        12   21        15   18
       -0.27852      0.13671E+04    0.13520E+04     0.24997E+02     0.24997E+02  0        13   22        16   19
       -0.38609      0.12142E+04    0.11956E+04     0.24996E+02     0.24996E+02  0        14   23        17   20
       -1.58375      0.14400E+04    0.13382E+04     0.24997E+02     0.21598E+02  1        15   24        18   21
       -1.48967      0.13916E+04    0.12970E+04     0.24997E+02     0.21145E+02  1        16   25        19   22
       -1.51257      0.15608E+04    0.14475E+04     0.24997E+02     0.20068E+02  1        17   26        20   23
       -1.25386      0.12858E+04    0.12224E+04     0.24996E+02     0.24780E+02  1        18   27        21   24
       -0.18490      0.91130E+03    0.90459E+03     0.24992E+02     0.24992E+02  0        19   28        22   25
        0.32042      0.61468E+03    0.62261E+03     0.24983E+02     0.24983E+02  0        20   29        23   26
        0.45811      0.64991E+03    0.66193E+03     0.24984E+02     0.24984E+02  0        21   30        24   27
        0.00735      0.73640E+03    0.73661E+03     0.24987E+02     0.24987E+02  0        22   31        25   28
       -0.53984      0.92785E+03    0.90802E+03     0.24992E+02     0.24992E+02  0        23   32        26   29
       -0.83513      0.82600E+03    0.79885E+03     0.24990E+02     0.24990E+02  0        24   33        27   30
        0.07329      0.55613E+03    0.55777E+03     0.24977E+02     0.24977E+02  0        25   34        28   31
        1.02672      0.33278E+03    0.34681E+03     0.24933E+02     0.24855E+02  1        26   35        29   32
        1.25268      0.31911E+03    0.33783E+03     0.24925E+02     0.21967E+02  1        27   36        30   33
        0.63145      0.37280E+03    0.38236E+03     0.24944E+02     0.24944E+02  0        28   37        31   34
       -0.13118      0.41015E+03    0.40800E+03     0.24953E+02     0.24953E+02  0        29   38        32   35
       -0.14927      0.33485E+03    0.33285E+03     0.24928E+02     0.24928E+02  0        30   39        33   36
       -0.09973      0.31883E+03    0.31756E+03     0.24920E+02     0.24920E+02  0        31   40        34   37
        0.18004      0.27812E+03    0.28014E+03     0.24892E+02     0.24892E+02  0        32   41        35   38
        0.22628      0.23471E+03    0.23686E+03     0.24846E+02     0.24846E+02  0        33   42        36   39
        0.10894      0.24147E+03    0.24253E+03     0.24852E+02     0.24852E+02  0        34   43        37   40
       -0.03304      0.26622E+03    0.26586E+03     0.24877E+02     0.24877E+02  0        35   44        38   41
        0.11544      0.27629E+03    0.27757E+03     0.24883E+02     0.24883E+02  0        36   45        39   42
        0.23749      0.27614E+03    0.27879E+03     0.24881E+02     0.24881E+02  0        37   46        40   43
        0.42713      0.24585E+03    0.25012E+03     0.24847E+02     0.24847E+02  0        38   47        41   44
        0.36875      0.21292E+03    0.21611E+03     0.24793E+02     0.24793E+02  0        39   48        42   45
        0.68713      0.15809E+03    0.16257E+03     0.24623E+02     0.24623E+02  0        40   49        43   46
        0.85914      0.19409E+03    0.20094E+03     0.24745E+02     0.24745E+02  0        41   50        44   47
        0.46413      0.31328E+03    0.31918E+03     0.24899E+02     0.24899E+02  0        42   51        45   48
        0.68104      0.65923E+03    0.68293E+03     0.24977E+02     0.19283E+02  1        43   52        46   49
        0.51036      0.79615E+03    0.81994E+03     0.24984E+02     0.17335E+02  1        44   53        47   50
        1.00764      0.53840E+03    0.56504E+03     0.24964E+02     0.20860E+02  1        45   54        48   51
        0.77829      0.29371E+03    0.30543E+03     0.24880E+02     0.19901E+02  1        46   55        49   52
        0.80403      0.38205E+03    0.39604E+03     0.24928E+02     0.22348E+02  1        47   56        50   53
        0.15611      0.54470E+03    0.54811E+03     0.24964E+02     0.24964E+02  0        48   57        51   54
        0.27909      0.10324E+04    0.10442E+04     0.24990E+02     0.24399E+02  1        49   58        52   55
       -2.47769      0.53290E+03    0.47512E+03     0.24934E+02     0.21591E+02  1         1   13         5    9
        1.27672      0.34291E+03    0.37039E+03     0.24930E+02     0.16562E+02  1         2   14         6   10
        0.86082      0.43937E+03    0.45610E+03     0.24957E+02     0.23035E+02  1         3   15         7   11
       -0.89523      0.64039E+03    0.61784E+03     0.24979E+02     0.24979E+02  0         4   16         8   12
       -1.53442      0.77429E+03    0.72422E+03     0.24986E+02     0.22951E+02  1         5   17         9   13
        0.14949      0.80980E+03    0.81466E+03     0.24987E+02     0.24987E+02  0         6   18        10   14
        1.64680      0.79911E+03    0.87833E+03     0.24986E+02     0.17422E+02  1         7   19        11   15
        0.80014      0.65416E+03    0.68576E+03     0.24980E+02     0.16961E+02  1         8   20        12   16
        1.80140      0.65549E+03    0.73500E+03     0.24979E+02     0.15734E+02  1         9   21        13   17
        1.34548      0.57707E+03    0.62818E+03     0.24973E+02     0.15856E+02  1        10   22        14   18
        1.71096      0.60752E+03    0.66886E+03     0.24975E+02     0.17789E+02  1        11   23        15   19
        0.95118      0.83851E+03    0.87105E+03     0.24987E+02     0.24987E+02  0        12   24        16   20
       -0.47020      0.94914E+03    0.93145E+03     0.24990E+02     0.24990E+02  0        13   25        17   21
       -1.30525      0.99983E+03    0.94895E+03     0.24991E+02     0.24991E+02  0        14   26        18   22
       -1.46312      0.99356E+03    0.93402E+03     0.24990E+02     0.23676E+02  1        15   27        19   23
       -1.27746      0.73189E+03    0.69240E+03     0.24982E+02     0.23031E+02  1        16   28        20   24
       -1.16431      0.65573E+03    0.62587E+03     0.24977E+02     0.24977E+02  0        17   29        21   25
       -0.00636      0.49094E+03    0.49082E+03     0.24958E+02     0.24958E+02  0        18   30        22   26
        0.01471      0.41960E+03    0.41985E+03     0.24942E+02     0.24942E+02  0        19   31        23   27
       -0.11424      0.44779E+03    0.44574E+03     0.24948E+02     0.24948E+02  0        20   32        24   28
       -0.05630      0.45692E+03    0.45589E+03     0.24950E+02     0.24950E+02  0        21   33        25   29
       -0.11057      0.48556E+03    0.48323E+03     0.24955E+02     0.23040E+02  1        22   34        26   30
        0.02290      0.46561E+03    0.46614E+03     0.24950E+02     0.20211E+02  1        23   35        27   31
        0.92547      0.31876E+03    0.33305E+03     0.24892E+02     0.21108E+02  1        24   36        28   32
        1.31856      0.22852E+03    0.24481E+03     0.24787E+02     0.19148E+02  1        25   37        29   33
        1.37174      0.18682E+03    0.20219E+03     0.24680E+02     0.17359E+02  1        26   38        30   34
        1.39540      0.17714E+03    0.19211E+03     0.24639E+02     0.17199E+02  1        27   39        31   35
        0.97332      0.19436E+03    0.20270E+03     0.24693E+02     0.23187E+02  1        28   40        32   36
        0.48590      0.19017E+03    0.19395E+03     0.24676E+02     0.24676E+02  0        29   41        33   37
        0.40617      0.15401E+03    0.15713E+03     0.24502E+02     0.20244E+02  1        30   42        34   38
        0.35159      0.14158E+03    0.14430E+03     0.24406E+02     0.18496E+02  1        31   43        35   39
       -0.09263      0.14113E+03    0.14050E+03     0.24393E+02     0.20613E+02  1        32   44        36   40
       -0.02553      0.15062E+03    0.15045E+03     0.24456E+02     0.22463E+02  1        33   45        37   41
        0.09766      0.15897E+03    0.15960E+03     0.24505E+02     0.24505E+02  0        34   46        38   42
        0.29375      0.13446E+03    0.13610E+03     0.24305E+02     0.24305E+02  0        35   47        39   43
        0.41284      0.13865E+03    0.14114E+03     0.24333E+02     0.23151E+02  1        36   48        40   44
        0.66353      0.10486E+03    0.10830E+03     0.23853E+02     0.20502E+02  1        37   49        41   45
        0.83179      0.74657E+02    0.78460E+02     0.22846E+02     0.16742E+02  1        38   50        42   46
        0.68101      0.93106E+02    0.96621E+02     0.23531E+02     0.18380E+02  1        39   51        43   47
        0.93884      0.13291E+03    0.14002E+03     0.24236E+02     0.18026E+02  1        40   52        44   48
        1.06147      0.23730E+03    0.25581E+03     0.24749E+02     0.14130E+02  1        41   53        45   49
        1.04235      0.20669E+03    0.22335E+03     0.24666E+02     0.13452E+02  1        42   54        46   50
        1.09615      0.16119E+03    0.17480E+03     0.24452E+02     0.13518E+02  1        43   55        47   51
        1.02148      0.15890E+03    0.17134E+03     0.24430E+02     0.13559E+02  1        44   56        48   52
        0.46899      0.20701E+03    0.21252E+03     0.24651E+02     0.17856E+02  1        46   58        50   54
       -0.24070      0.49811E+03    0.49318E+03     0.24894E+02     0.24232E+02  1         1   16         6   11
       -0.28046      0.44113E+03    0.43593E+03     0.24934E+02     0.23623E+02  1         2   17         7   12
       -1.72905      0.55062E+03    0.49486E+03     0.24957E+02     0.16196E+02  1         3   18         8   13
       -1.88368      0.47475E+03    0.42356E+03     0.24942E+02     0.16511E+02  1         4   19         9   14
       -0.99285      0.43445E+03    0.41651E+03     0.24931E+02     0.23544E+02  1         5   20        10   15
        0.48054      0.37769E+03    0.38790E+03     0.24908E+02     0.18016E+02  1         6   21        11   16
        1.91159      0.37404E+03    0.45872E+03     0.24906E+02     0.93674E+01  1         7   22        12   17
        1.97452      0.31493E+03    0.40058E+03     0.24866E+02     0.82075E+01  1         8   23        13   18
        2.02267      0.34373E+03    0.42170E+03     0.24886E+02     0.98932E+01  1         9   24        14   19
        1.79276      0.35844E+03    0.42338E+03     0.24894E+02     0.10767E+02  1        10   25        15   20
        1.97390      0.46869E+03    0.54788E+03     0.24938E+02     0.12645E+02  1        11   26        16   21
        1.06907      0.56132E+03    0.59208E+03     0.24956E+02     0.20041E+02  1        12   27        17   22
       -0.57391      0.62968E+03    0.61312E+03     0.24965E+02     0.21533E+02  1        13   28        18   23
       -0.46865      0.49862E+03    0.48752E+03     0.24943E+02     0.20804E+02  1        14   29        19   24
       -0.98426      0.43897E+03    0.41938E+03     0.24926E+02     0.21567E+02  1        15   30        20   25
       -0.54095      0.34945E+03    0.34100E+03     0.24882E+02     0.22102E+02  1        16   31        21   26
       -0.23162      0.34174E+03    0.33821E+03     0.24876E+02     0.22334E+02  1        17   32        22   27
       -0.28357      0.29702E+03    0.29339E+03     0.24834E+02     0.23071E+02  1        18   33        23   28
       -0.21462      0.30380E+03    0.30119E+03     0.24839E+02     0.24839E+02  0        19   34        24   29
       -0.10865      0.26279E+03    0.26161E+03     0.24783E+02     0.24207E+02  1        20   35        25   30
       -0.00195      0.27289E+03    0.27286E+03     0.24797E+02     0.20938E+02  1        21   36        26   31
        0.21855      0.25826E+03    0.26135E+03     0.24771E+02     0.18412E+02  1        22   37        27   32
        1.05636      0.18117E+03    0.19234E+03     0.24535E+02     0.17647E+02  1        23   38        28   33
        1.45418      0.11381E+03    0.12681E+03     0.23856E+02     0.13447E+02  1        24   39        29   34
        1.45688      0.11381E+03    0.12753E+03     0.23842E+02     0.12797E+02  1        25   40        30   35
        1.45728      0.88618E+02    0.10068E+03     0.23154E+02     0.11418E+02  1        26   41        31   36
        1.30441      0.72940E+02    0.82108E+02     0.22381E+02     0.11017E+02  1        27   42        32   37
        0.98330      0.89758E+02    0.95903E+02     0.23152E+02     0.14849E+02  1        28   43        33   38
        0.56270      0.10428E+03    0.10826E+03     0.23576E+02     0.15013E+02  1        29   44        34   39
        0.03763      0.83696E+02    0.83914E+02     0.22862E+02     0.14472E+02  1        30   45        35   40
        0.05887      0.85689E+02    0.86029E+02     0.22927E+02     0.14884E+02  1        31   46        36   41
        0.01159      0.97694E+02    0.97759E+02     0.23341E+02     0.17222E+02  1        32   47        37   42
        0.03098      0.85209E+02    0.85364E+02     0.22865E+02     0.17080E+02  1        33   48        38   43
        0.22598      0.66824E+02    0.67751E+02     0.21738E+02     0.16395E+02  1        34   49        39   44
        0.48849      0.68880E+02    0.70962E+02     0.21862E+02     0.16408E+02  1        35   50        40   45
        0.31720      0.55147E+02    0.56364E+02     0.20513E+02     0.14539E+02  1        36   51        41   46
        0.55708      0.52706E+02    0.55011E+02     0.20163E+02     0.13012E+02  1        37   52        42   47
        0.81682      0.64313E+02    0.68731E+02     0.21384E+02     0.12294E+02  1        38   53        43   48
        0.60638      0.69845E+02    0.73843E+02     0.21806E+02     0.10893E+02  1        39   54        44   49
        0.79644      0.61544E+02    0.67124E+02     0.21058E+02     0.91772E+01  1        40   55        45   50
        0.89679      0.78024E+02    0.85569E+02     0.22294E+02     0.97157E+01  1        41   56        46   51
        0.99319      0.68667E+02    0.76293E+02     0.21627E+02     0.94302E+01  1        42   57        47   52
        0.29759      0.83645E+02    0.85909E+02     0.22554E+02     0.11142E+02  1        43   58        48   53
       -2.22563      0.47959E+03    0.40428E+03     0.24848E+02     0.13029E+02  1         1   19         7   13
       -1.50362      0.25890E+03    0.23445E+03     0.24730E+02     0.15162E+02  1         2   20         8   14
       -1.77264      0.23227E+03    0.20678E+03     0.24664E+02     0.15247E+02  1         3   21         9   15
       -1.04125      0.19745E+03    0.18800E+03     0.24536E+02     0.21214E+02  1         4   22        10   16
        0.21788      0.20112E+03    0.20384E+03     0.24551E+02     0.16199E+02  1         5   23        11   17
        1.33632      0.19513E+03    0.21715E+03     0.24521E+02     0.12495E+02  1         6   24        12   18
        2.31552      0.18248E+03    0.27007E+03     0.24451E+02     0.59066E+01  1         7   25        13   19
        1.89307      0.20611E+03    0.27264E+03     0.24564E+02     0.67665E+01  1         8   26        14   20
        2.16985      0.21279E+03    0.29495E+03     0.24587E+02     0.66456E+01  1         9   27        15   21
        1.99624      0.20998E+03    0.28360E+03     0.24573E+02     0.66414E+01  1        10   28        16   22
        1.99626      0.23142E+03    0.29541E+03     0.24644E+02     0.81767E+01  1        11   29        17   23
        1.21635      0.32457E+03    0.34939E+03     0.24815E+02     0.16509E+02  1        12   30        18   24
        0.16131      0.35445E+03    0.35768E+03     0.24844E+02     0.17792E+02  1        13   31        19   25
       -0.24162      0.26626E+03    0.26271E+03     0.24724E+02     0.18010E+02  1        14   32        20   26
       -0.56760      0.23576E+03    0.22852E+03     0.24647E+02     0.18196E+02  1        15   33        21   27
        0.06944      0.20184E+03    0.20264E+03     0.24517E+02     0.17466E+02  1        16   34        22   28
       -0.58327      0.20946E+03    0.20339E+03     0.24548E+02     0.19821E+02  1        17   35        23   29
       -0.60686      0.19030E+03    0.18487E+03     0.24451E+02     0.20949E+02  1        18   36        24   30
       -0.30023      0.17139E+03    0.16929E+03     0.24323E+02     0.24292E+02  1        19   37        25   31
       -0.11292      0.16739E+03    0.16644E+03     0.24287E+02     0.19857E+02  1        20   38        26   32
        0.28294      0.13440E+03    0.13670E+03     0.23906E+02     0.16686E+02  1        21   39        27   33
        1.21858      0.86711E+02    0.94642E+02     0.22573E+02     0.13924E+02  1        22   40        28   34
        1.25630      0.62013E+02    0.69717E+02     0.20777E+02     0.10729E+02  1        23   41        29   35
        1.42476      0.54368E+02    0.63869E+02     0.19836E+02     0.88464E+01  1        24   42        30   36
        1.42115      0.53303E+02    0.63492E+02     0.19657E+02     0.81250E+01  1        25   43        31   37
        1.19026      0.43774E+02    0.50472E+02     0.18021E+02     0.83595E+01  1        26   44        32   38
        1.02935      0.44379E+02    0.49698E+02     0.18102E+02     0.90944E+01  1        27   45        33   39
        0.75506      0.53732E+02    0.57949E+02     0.19605E+02     0.99925E+01  1        28   46        34   40
        0.40902      0.56919E+02    0.59187E+02     0.19990E+02     0.10469E+02  1        29   47        35   41
        0.03007      0.54318E+02    0.54468E+02     0.19609E+02     0.10912E+02  1        30   48        36   42
       -0.02205      0.54480E+02    0.54380E+02     0.19596E+02     0.11907E+02  1        31   49        37   43
        0.00674      0.52675E+02    0.52702E+02     0.19301E+02     0.12979E+02  1        32   50        38   44
        0.16387      0.42336E+02    0.42897E+02     0.17418E+02     0.12439E+02  1        33   51        39   45
        0.22566      0.39139E+02    0.39908E+02     0.16662E+02     0.11609E+02  1        34   52        40   46
        0.31471      0.36655E+02    0.37795E+02     0.16000E+02     0.10274E+02  1        35   53        41   47
        0.24235      0.28049E+02    0.28792E+02     0.13376E+02     0.92668E+01  1        36   54        42   48
        0.57804      0.31303E+02    0.33295E+02     0.14385E+02     0.93663E+01  1        37   55        43   49
        0.74180      0.37507E+02    0.41027E+02     0.16068E+02     0.82693E+01  1        38   56        44   50
        0.79953      0.39239E+02    0.43457E+02     0.16448E+02     0.78310E+01  1        39   57        45   51
        0.32743      0.38265E+02    0.39801E+02     0.16171E+02     0.83190E+01  1        40   58        46   52
       -2.59639      0.17039E+03    0.13802E+03     0.23580E+02     0.12325E+02  1         1   22         8   15
       -1.39302      0.10891E+03    0.99772E+02     0.23128E+02     0.15904E+02  1         2   23         9   16
       -0.45280      0.12532E+03    0.12227E+03     0.23544E+02     0.18390E+02  1         3   24        10   17
        0.24405      0.10816E+03    0.10984E+03     0.23093E+02     0.15864E+02  1         4   25        11   18
        1.18367      0.10580E+03    0.11838E+03     0.23008E+02     0.10531E+02  1         5   26        12   19
        1.77938      0.95965E+02    0.12744E+03     0.22624E+02     0.62738E+01  1         6   27        13   20
        2.22011      0.85457E+02    0.15212E+03     0.22096E+02     0.38499E+01  1         7   28        14   21
        2.10830      0.90134E+02    0.15262E+03     0.22333E+02     0.40033E+01  1         8   29        15   22
        2.32169      0.11711E+03    0.19504E+03     0.23303E+02     0.45513E+01  1         9   30        16   23
        1.96323      0.12525E+03    0.17706E+03     0.23490E+02     0.56705E+01  1        10   31        17   24
        1.84883      0.16030E+03    0.20294E+03     0.24041E+02     0.78376E+01  1        11   32        18   25
        1.30008      0.19157E+03    0.21091E+03     0.24314E+02     0.13518E+02  1        12   33        19   26
        0.12363      0.19057E+03    0.19208E+03     0.24303E+02     0.15699E+02  1        13   34        20   27
       -0.04991      0.15323E+03    0.15272E+03     0.23936E+02     0.14872E+02  1        14   35        21   28
       -0.30485      0.13952E+03    0.13683E+03     0.23726E+02     0.15642E+02  1        15   36        22   29
       -0.66404      0.11866E+03    0.11421E+03     0.23280E+02     0.17384E+02  1        16   37        23   30
       -0.66970      0.12901E+03    0.12444E+03     0.23516E+02     0.18567E+02  1        17   38        24   31
       -0.19204      0.10563E+03    0.10454E+03     0.22866E+02     0.18606E+02  1        18   39        25   32
       -0.01112      0.99122E+02    0.99063E+02     0.22598E+02     0.18499E+02  1        19   40        26   33
        0.40839      0.76244E+02    0.78490E+02     0.21271E+02     0.14069E+02  1        20   41        27   34
        0.92147      0.46230E+02    0.50308E+02     0.17488E+02     0.10901E+02  1        21   42        28   35
        0.99390      0.32807E+02    0.36647E+02     0.14224E+02     0.89789E+01  1        22   43        29   36
        1.18665      0.33022E+02    0.38512E+02     0.14247E+02     0.77159E+01  1        23   44        30   37
        1.32057      0.32544E+02    0.39407E+02     0.14064E+02     0.69004E+01  1        24   45        31   38
        1.21914      0.31696E+02    0.37881E+02     0.13777E+02     0.68394E+01  1        25   46        32   39
        1.05383      0.26700E+02    0.30974E+02     0.12126E+02     0.70973E+01  1        26   47        33   40
        1.00480      0.27225E+02    0.31439E+02     0.12274E+02     0.69830E+01  1        27   48        34   41
        0.54976      0.31738E+02    0.34043E+02     0.13680E+02     0.78422E+01  1        28   49        35   42
        0.24314      0.36535E+02    0.37525E+02     0.14992E+02     0.90941E+01  1        29   50        36   43
       -0.14388      0.36667E+02    0.36145E+02     0.14980E+02     0.10039E+02  1        30   51        37   44
        0.13552      0.34345E+02    0.34815E+02     0.14328E+02     0.99633E+01  1        31   52        38   45
       -0.03094      0.20695E+02    0.20608E+02     0.96011E+01     0.73522E+01  1        34   55        41   48
        0.30550      0.22354E+02    0.23310E+02     0.10210E+02     0.72939E+01  1        35   56        42   49
        0.49179      0.24358E+02    0.26017E+02     0.10918E+02     0.74602E+01  1        36   57        43   50
        0.35541      0.26492E+02    0.27731E+02     0.11646E+02     0.77733E+01  1        37   58        44   51
       -2.38753      0.97113E+02    0.79868E+02     0.20606E+02     0.12213E+02  1         1   25         9   17
        0.70278      0.68310E+02    0.72145E+02     0.20037E+02     0.12866E+02  1         2   26        10   18
        1.06256      0.56165E+02    0.62374E+02     0.18485E+02     0.10134E+02  1         3   27        11   19
        1.39892      0.38958E+02    0.48162E+02     0.15135E+02     0.65963E+01  1         4   28        12   20
        1.69689      0.32374E+02    0.49095E+02     0.13338E+02     0.40751E+01  1         5   29        13   21
        1.78185      0.41819E+02    0.65573E+02     0.15766E+02     0.39613E+01  1         6   30        14   22
        2.24702      0.53756E+02    0.10913E+03     0.18038E+02     0.31733E+01  1         7   31        15   23
        2.10527      0.68864E+02    0.12382E+03     0.19996E+02     0.35883E+01  1         8   32        16   24
        2.15965      0.77227E+02    0.12889E+03     0.20769E+02     0.42164E+01  1         9   33        17   25
        1.77871      0.86268E+02    0.11799E+03     0.21427E+02     0.56797E+01  1        10   34        18   26
        1.71628      0.95639E+02    0.12193E+03     0.21966E+02     0.70672E+01  1        11   35        19   27
        0.89996      0.10922E+03    0.11880E+03     0.22557E+02     0.10707E+02  1        12   36        20   28
        0.09848      0.11275E+03    0.11363E+03     0.22677E+02     0.12639E+02  1        13   37        21   29
        0.01268      0.86261E+02    0.86344E+02     0.21362E+02     0.13255E+02  1        14   38        22   30
       -0.47610      0.74539E+02    0.72037E+02     0.20435E+02     0.13942E+02  1        15   39        23   31
       -0.39537      0.70323E+02    0.68450E+02     0.20012E+02     0.14645E+02  1        16   40        24   32
       -0.16489      0.69578E+02    0.68799E+02     0.19914E+02     0.14645E+02  1        17   41        25   33
        0.14366      0.61646E+02    0.62338E+02     0.18968E+02     0.12873E+02  1        18   42        26   34
        0.32122      0.49317E+02    0.50685E+02     0.17008E+02     0.11739E+02  1        19   43        27   35
        0.77501      0.30181E+02    0.32923E+02     0.12326E+02     0.89118E+01  1        20   44        28   36
        0.82570      0.20766E+02    0.23270E+02     0.90572E+01     0.72519E+01  1        21   45        29   37
        0.99390      0.20740E+02    0.23965E+02     0.90166E+01     0.68770E+01  1        22   46        30   38
        1.20795      0.21062E+02    0.25649E+02     0.91103E+01     0.61307E+01  1        23   47        31   39
        1.22684      0.19745E+02    0.24299E+02     0.85909E+01     0.59122E+01  1        24   48        32   40
        1.07654      0.20326E+02    0.24089E+02     0.87969E+01     0.63382E+01  1        25   49        33   41
        0.78136      0.19471E+02    0.21998E+02     0.84490E+01     0.64032E+01  1        26   50        34   42
        0.53718      0.18730E+02    0.20361E+02     0.81382E+01     0.64366E+01  1        27   51        35   43
        0.34530      0.23024E+02    0.24137E+02     0.97054E+01     0.73204E+01  1        28   52        36   44
        0.08493      0.18372E+02    0.18613E+02     0.78997E+01     0.65084E+01  1        31   55        39   47
       -0.11974      0.19615E+02    0.19266E+02     0.83462E+01     0.66782E+01  1        32   56        40   48
        0.28313      0.17795E+02    0.18659E+02     0.76233E+01     0.59704E+01  1        33   57        41   49
        0.39090      0.17031E+02    0.18243E+02     0.73047E+01     0.56846E+01  1        34   58        42   50
       -1.82164      0.34352E+02    0.28763E+02     0.10595E+02     0.10258E+02  1         1   28        10   19
        1.42300      0.20475E+02    0.27635E+02     0.84008E+01     0.47457E+01  1         2   29        11   20
        1.50997      0.20100E+02    0.28622E+02     0.82544E+01     0.42721E+01  1         3   30        12   21
        1.63549      0.20871E+02    0.31090E+02     0.85212E+01     0.41039E+01  1         4   31        13   22
        1.59435      0.24851E+02    0.37896E+02     0.98906E+01     0.37787E+01  1         5   32        14   23
        1.77533      0.31608E+02    0.51761E+02     0.11997E+02     0.35994E+01  1         6   33        15   24
        2.18395      0.42029E+02    0.87311E+02     0.14692E+02     0.29871E+01  1         7   34        16   25
        1.94557      0.45383E+02    0.80435E+02     0.15413E+02     0.33994E+01  1         8   35        17   26
        1.99638      0.53877E+02    0.86582E+02     0.17004E+02     0.42083E+01  1         9   36        18   27
        1.57876      0.56077E+02    0.75249E+02     0.17344E+02     0.53685E+01  1        10   37        19   28
        1.37954      0.58239E+02    0.70653E+02     0.17665E+02     0.71392E+01  1        11   38        20   29
        0.77165      0.60058E+02    0.65525E+02     0.17912E+02     0.88570E+01  1        12   39        21   30
        0.35042      0.58241E+02    0.60287E+02     0.17624E+02     0.10147E+02  1        13   40        22   31
        0.03732      0.46698E+02    0.46867E+02     0.15570E+02     0.10338E+02  1        14   41        23   32
       -0.22077      0.45775E+02    0.44867E+02     0.15353E+02     0.11020E+02  1        15   42        24   33
       -0.10548      0.40121E+02    0.39731E+02     0.14068E+02     0.10801E+02  1        16   43        25   34
        0.08101      0.44404E+02    0.44741E+02     0.15025E+02     0.10727E+02  1        17   44        26   35
        0.40432      0.33903E+02    0.35421E+02     0.12424E+02     0.92312E+01  1        18   45        27   36
        0.74826      0.21166E+02    0.23581E+02     0.83984E+01     0.69251E+01  1        19   46        28   37
        0.74128      0.15042E+02    0.17260E+02     0.61227E+01     0.53894E+01  1        20   47        29   38
        0.80550      0.14578E+02    0.17057E+02     0.59322E+01     0.51297E+01  1        21   48        30   39
        0.86578      0.14239E+02    0.16896E+02     0.57888E+01     0.50606E+01  1        22   49        31   40
        0.78031      0.14808E+02    0.17210E+02     0.59921E+01     0.51914E+01  1        23   50        32   41
        0.92421      0.14827E+02    0.17741E+02     0.59908E+01     0.51516E+01  1        24   51        33   42
        0.56878      0.16552E+02    0.18334E+02     0.66278E+01     0.55632E+01  1        25   52        34   43
        0.83544      0.13526E+02    0.16098E+02     0.54627E+01     0.47995E+01  1        26   53        35   44
        0.63856      0.13919E+02    0.15850E+02     0.55965E+01     0.49156E+01  1        27   54        36   45
        0.10857      0.17288E+02    0.17616E+02     0.68390E+01     0.57804E+01  1        28   55        37   46
        0.00571      0.18483E+02    0.18500E+02     0.72580E+01     0.60540E+01  1        29   56        38   47
        0.28561      0.15257E+02    0.16130E+02     0.60392E+01     0.51361E+01  1        31   58        40   49
       -0.69204      0.19099E+02    0.16951E+02     0.58011E+01     0.58011E+01  0         1   31        11   21
        1.42298      0.14671E+02    0.21981E+02     0.56118E+01     0.35198E+01  1         2   32        12   22
        1.49982      0.15341E+02    0.23856E+02     0.58441E+01     0.33973E+01  1         3   33        13   23
        1.41473      0.17404E+02    0.25706E+02     0.65686E+01     0.36272E+01  1         4   34        14   24
        1.58456      0.19417E+02    0.30649E+02     0.72582E+01     0.34716E+01  1         5   35        15   25
        1.73751      0.24508E+02    0.41037E+02     0.89266E+01     0.33709E+01  1         6   36        16   26
        2.02556      0.28659E+02    0.57749E+02     0.10189E+02     0.28911E+01  1         7   37        17   27
        1.76075      0.34704E+02    0.57049E+02     0.11871E+02     0.35425E+01  1         8   38        18   28
        1.78408      0.35430E+02    0.54897E+02     0.12052E+02     0.40743E+01  1         9   39        19   29
        1.31437      0.31695E+02    0.41148E+02     0.11021E+02     0.50356E+01  1        10   40        20   30
        1.23179      0.31326E+02    0.38435E+02     0.10904E+02     0.60231E+01  1        11   41        21   31
        0.78417      0.33136E+02    0.37033E+02     0.11388E+02     0.70529E+01  1        12   42        22   32
        0.25245      0.33813E+02    0.34871E+02     0.11555E+02     0.81962E+01  1        13   43        23   33
        0.19911      0.30640E+02    0.31378E+02     0.10663E+02     0.83637E+01  1        14   44        24   34
        0.08985      0.28449E+02    0.28767E+02     0.10012E+02     0.80896E+01  1        15   45        25   35
        0.14824      0.27157E+02    0.27679E+02     0.96100E+01     0.77822E+01  1        16   46        26   36
        0.41957      0.24792E+02    0.26263E+02     0.88661E+01     0.72778E+01  1        17   47        27   37
        0.64955      0.15994E+02    0.18079E+02     0.59328E+01     0.52993E+01  1        18   48        28   38
        0.69027      0.11877E+02    0.13950E+02     0.44517E+01     0.42923E+01  1        19   49        29   39
        0.71786      0.11420E+02    0.13572E+02     0.42759E+01     0.41562E+01  1        20   50        30   40
        0.72932      0.11199E+02    0.13393E+02     0.41894E+01     0.40774E+01  1        21   51        31   41
        0.70390      0.11331E+02    0.13465E+02     0.42304E+01     0.40800E+01  1        22   52        32   42
        0.68784      0.11776E+02    0.13871E+02     0.43835E+01     0.42022E+01  1        23   53        33   43
        0.36372      0.12994E+02    0.14095E+02     0.47983E+01     0.44717E+01  1        25   55        35   45
        0.20281      0.12665E+02    0.13263E+02     0.46706E+01     0.43974E+01  1        26   56        36   46
        0.09037      0.13654E+02    0.13923E+02     0.49959E+01     0.46340E+01  1        28   58        38   48
       -0.35891      0.15553E+02    0.14340E+02     0.44189E+01     0.44189E+01  0         1   34        12   23
        1.42332      0.11858E+02    0.19238E+02     0.41720E+01     0.29413E+01  1         2   35        13   24
        1.37546      0.12971E+02    0.20516E+02     0.45449E+01     0.30001E+01  1         3   36        14   25
        1.34749      0.13938E+02    0.21580E+02     0.48646E+01     0.30823E+01  1         4   37        15   26
        1.47034      0.16043E+02    0.25419E+02     0.55600E+01     0.31949E+01  1         5   38        16   27
        1.56431      0.18352E+02    0.29296E+02     0.62990E+01     0.33445E+01  1         6   39        17   28
        1.85783      0.22014E+02    0.40994E+02     0.74447E+01     0.29881E+01  1         7   40        18   29
        1.61108      0.22100E+02    0.35797E+02     0.74662E+01     0.33405E+01  1         8   41        19   30
        1.54260      0.20724E+02    0.30970E+02     0.70308E+01     0.38399E+01  1         9   42        20   31
        1.14408      0.19384E+02    0.24721E+02     0.65989E+01     0.47040E+01  1        10   43        21   32
        1.07095      0.19401E+02    0.23736E+02     0.65929E+01     0.53102E+01  1        11   44        22   33
        0.60164      0.21134E+02    0.23359E+02     0.71271E+01     0.60093E+01  1        12   45        23   34
        0.35824      0.23450E+02    0.24780E+02     0.78229E+01     0.64930E+01  1        13   46        24   35
        0.33743      0.19916E+02    0.21100E+02     0.67258E+01     0.58431E+01  1        14   47        25   36
        0.27494      0.19726E+02    0.20682E+02     0.66586E+01     0.58121E+01  1        15   48        26   37
        0.35160      0.16340E+02    0.17506E+02     0.55661E+01     0.51051E+01  1        16   49        27   38
        0.53767      0.13040E+02    0.14750E+02     0.44774E+01     0.43645E+01  1        17   50        28   39
        0.60565      0.98045E+01    0.11725E+02     0.33853E+01     0.33853E+01  0        18   51        29   40
        0.67619      0.97182E+01    0.11892E+02     0.33498E+01     0.33498E+01  0        19   52        30   41
        0.61889      0.93948E+01    0.11379E+02     0.32294E+01     0.32294E+01  0        21   54        32   43
        0.44968      0.10278E+02    0.11678E+02     0.35217E+01     0.35217E+01  0        22   55        33   44
        0.94847      0.88191E+01    0.12076E+02     0.30176E+01     0.30176E+01  0        24   57        35   46
        0.65018      0.10111E+02    0.12211E+02     0.34453E+01     0.34453E+01  0        25   58        36   47
        1.34801      0.10307E+02    0.17171E+02     0.33429E+01     0.26408E+01  1         2   38        14   26
        1.33774      0.10648E+02    0.17829E+02     0.34470E+01     0.25954E+01  1         3   39        15   27
        1.26578      0.12183E+02    0.19185E+02     0.39247E+01     0.27876E+01  1         4   40        16   28
        1.23633      0.12922E+02    0.19710E+02     0.41524E+01     0.29282E+01  1         5   41        17   29
        1.34680      0.14380E+02    0.22023E+02     0.45998E+01     0.31593E+01  1         6   42        18   30
        1.67200      0.15096E+02    0.27084E+02     0.48179E+01     0.28605E+01  1         7   43        19   31
        1.37154      0.14807E+02    0.22269E+02     0.47249E+01     0.33606E+01  1         8   44        20   32
        1.32613      0.14249E+02    0.20199E+02     0.45453E+01     0.38003E+01  1         9   45        21   33
        0.91072      0.13402E+02    0.16699E+02     0.42769E+01     0.41400E+01  1        10   46        22   34
        0.76813      0.13540E+02    0.16264E+02     0.43155E+01     0.41901E+01  1        11   47        23   35
        0.57001      0.15525E+02    0.17574E+02     0.49180E+01     0.45979E+01  1        12   48        24   36
        0.44806      0.15599E+02    0.17176E+02     0.49343E+01     0.46514E+01  1        13   49        25   37
        0.38019      0.14697E+02    0.16004E+02     0.46509E+01     0.44600E+01  1        14   50        26   38
        0.33944      0.13030E+02    0.14147E+02     0.41334E+01     0.41275E+01  1        15   51        27   39
        0.35926      0.99162E+01    0.11110E+02     0.31613E+01     0.31613E+01  0        16   52        28   40
        0.41425      0.90721E+01    0.10469E+02     0.28920E+01     0.28920E+01  0        17   53        29   41
        0.55974      0.88232E+01    0.10768E+02     0.28096E+01     0.28096E+01  0        18   54        30   42
        0.36778      0.96114E+01    0.10842E+02     0.30526E+01     0.30526E+01  0        19   55        31   43
        1.31038      0.92923E+01    0.16232E+02     0.27885E+01     0.23493E+01  1         2   41        15   28
        1.24517      0.10341E+02    0.16948E+02     0.30952E+01     0.25205E+01  1         3   42        16   29
        1.12397      0.10367E+02    0.16004E+02     0.30990E+01     0.25884E+01  1         4   43        17   30
        1.12365      0.10733E+02    0.16288E+02     0.32048E+01     0.26936E+01  1         5   44        18   31
        1.13458      0.11350E+02    0.16791E+02     0.33833E+01     0.28973E+01  1         6   45        19   32
        1.35722      0.11164E+02    0.18148E+02     0.33237E+01     0.27934E+01  1         7   46        20   33
        1.00140      0.10617E+02    0.14579E+02     0.31574E+01     0.31574E+01  0         9   48        22   35
        0.67955      0.99665E+01    0.12535E+02     0.29640E+01     0.29640E+01  0        10   49        23   36
        0.61404      0.10708E+02    0.12991E+02     0.31772E+01     0.31772E+01  0        11   50        24   37
        0.49415      0.11329E+02    0.13128E+02     0.33527E+01     0.33527E+01  0        12   51        25   38
        0.41459      0.12269E+02    0.13757E+02     0.36216E+01     0.36216E+01  0        13   52        26   39
        0.38246      0.75352E+01    0.89437E+01     0.22317E+01     0.22317E+01  0        16   55        29   42
        1.00304      0.56511E+01    0.10297E+02     0.16718E+01     0.16718E+01  0        18   57        31   44
        0.55841      0.82447E+01    0.10375E+02     0.24294E+01     0.24294E+01  0        19   58        32   45
        1.27609      0.85718E+01    0.15713E+02     0.23934E+01     0.21058E+01  1         2   44        16   30
        1.12588      0.89920E+01    0.14840E+02     0.25072E+01     0.22472E+01  1         3   45        17   31
        1.04569      0.91307E+01    0.14330E+02     0.25431E+01     0.23199E+01  1         4   46        18   32
        0.98179      0.90262E+01    0.13618E+02     0.25119E+01     0.23874E+01  1         5   47        19   33
        1.07126      0.88727E+01    0.13702E+02     0.24650E+01     0.24650E+01  0         7   49        21   35
        0.82951      0.87561E+01    0.12318E+02     0.24305E+01     0.24305E+01  0         8   50        22   36
        0.70720      0.85445E+01    0.11513E+02     0.23714E+01     0.23714E+01  0         9   51        23   37
        0.51119      0.87687E+01    0.10822E+02     0.24293E+01     0.24293E+01  0        10   52        24   38
        0.33725      0.90945E+01    0.10402E+02     0.25104E+01     0.25104E+01  0        13   55        27   41
        0.31887      0.77928E+01    0.90371E+01     0.21524E+01     0.21524E+01  0        14   56        28   42
        0.29449      0.71173E+01    0.82681E+01     0.19649E+01     0.19649E+01  0        15   57        29   43
        0.36189      0.72635E+01    0.87027E+01     0.20019E+01     0.20019E+01  0        16   58        30   44
        1.13313      0.74730E+01    0.13667E+02     0.19490E+01     0.18771E+01  1         3   48        18   33
        0.72673      0.78083E+01    0.11168E+02     0.20309E+01     0.20309E+01  0         6   51        21   36
        0.39463      0.74283E+01    0.91173E+01     0.19262E+01     0.19262E+01  0        10   55        25   40
        0.28657      0.80938E+01    0.92797E+01     0.20958E+01     0.20958E+01  0        11   56        26   41
        0.28922      0.78590E+01    0.90606E+01     0.20328E+01     0.20328E+01  0        12   57        27   42
        0.21303      0.73567E+01    0.82284E+01     0.19026E+01     0.19026E+01  0        13   58        28   43
        0.51943      0.70289E+01    0.95166E+01     0.17142E+01     0.17142E+01  0         8   56        24   40
        0.39324      0.69182E+01    0.87353E+01     0.16862E+01     0.16862E+01  0         9   57        25   41
        0.27837      0.70114E+01    0.82531E+01     0.17072E+01     0.17072E+01  0        10   58        26   42
        0.43997      0.70804E+01    0.92763E+01     0.16287E+01     0.16287E+01  0         6   57        23   40
        0.45173      0.66935E+01    0.89766E+01     0.15392E+01     0.15392E+01  0         7   58        24   41
